//Maya ASCII 2018 scene
//Name: chest of drawers .ma
//Last modified: Tue, Dec 05, 2017 10:32:10 AM
//Codeset: 1252
requires maya "2018";
currentUnit -l centimeter -a degree -t film;
fileInfo "application" "maya";
fileInfo "product" "Maya 2018";
fileInfo "version" "2018";
fileInfo "cutIdentifier" "201706261615-f9658c4cfc";
fileInfo "osv" "Microsoft Windows 8 Home Premium Edition, 64-bit  (Build 9200)\n";
fileInfo "license" "student";
createNode transform -s -n "persp";
	rename -uid "B6B97F53-48F7-BFCA-9AFC-0499BE26CDE1";
	setAttr ".v" no;
	setAttr ".t" -type "double3" 0.30483780579012887 2.9242220804605572 14.640354527972436 ;
	setAttr ".r" -type "double3" 352.46164728557324 -721.79999999987263 0 ;
createNode camera -s -n "perspShape" -p "persp";
	rename -uid "339E2D4A-404A-21F8-F65C-45989766844C";
	setAttr -k off ".v" no;
	setAttr ".fl" 34.999999999999993;
	setAttr ".coi" 17.734702177390457;
	setAttr ".imn" -type "string" "persp";
	setAttr ".den" -type "string" "persp_depth";
	setAttr ".man" -type "string" "persp_mask";
	setAttr ".hc" -type "string" "viewSet -p %camera";
createNode transform -s -n "top";
	rename -uid "0C64A487-435F-5C10-56B2-7C9F3AFE1CBC";
	setAttr ".v" no;
	setAttr ".t" -type "double3" 0.048879510087117106 1000.1 -1.7718822406579695 ;
	setAttr ".r" -type "double3" -89.999999999999986 0 0 ;
createNode camera -s -n "topShape" -p "top";
	rename -uid "A93557BF-4819-540F-ED6E-8AB41FB6A7AD";
	setAttr -k off ".v" no;
	setAttr ".rnd" no;
	setAttr ".coi" 1000.1;
	setAttr ".ow" 8.1262185519831007;
	setAttr ".imn" -type "string" "top";
	setAttr ".den" -type "string" "top_depth";
	setAttr ".man" -type "string" "top_mask";
	setAttr ".hc" -type "string" "viewSet -t %camera";
	setAttr ".o" yes;
createNode transform -s -n "front";
	rename -uid "24590353-40AE-B0D8-D68E-8694CBF8044D";
	setAttr ".t" -type "double3" 0.39566246441970554 -0.11642886771917138 1000.1 ;
createNode camera -s -n "frontShape" -p "front";
	rename -uid "D8770463-4629-8ACB-55F2-678516F1AE27";
	setAttr -k off ".v";
	setAttr ".rnd" no;
	setAttr ".coi" 1000.1;
	setAttr ".ow" 10.023825736145357;
	setAttr ".imn" -type "string" "front";
	setAttr ".den" -type "string" "front_depth";
	setAttr ".man" -type "string" "front_mask";
	setAttr ".hc" -type "string" "viewSet -f %camera";
	setAttr ".o" yes;
createNode transform -s -n "side";
	rename -uid "8438E4D3-43A0-0AB8-4A9D-3BBAEE959C81";
	setAttr ".t" -type "double3" 1000.1 -0.084878832064435805 2.4114235592564679 ;
	setAttr ".r" -type "double3" 0 89.999999999999986 0 ;
createNode camera -s -n "sideShape" -p "side";
	rename -uid "4636F8DB-4407-8B18-6217-B98B48E90025";
	setAttr -k off ".v";
	setAttr ".rnd" no;
	setAttr ".coi" 1000.1;
	setAttr ".ow" 13.611324506478532;
	setAttr ".imn" -type "string" "side";
	setAttr ".den" -type "string" "side_depth";
	setAttr ".man" -type "string" "side_mask";
	setAttr ".hc" -type "string" "viewSet -s %camera";
	setAttr ".o" yes;
createNode transform -n "drawer_2";
	rename -uid "39870F24-46E1-C8D2-7EC2-35896AE76403";
	setAttr ".rp" -type "double3" 0.014879345893859863 2.6905629516420193 0.43209666957125004 ;
	setAttr ".sp" -type "double3" 0.014879345893859863 2.6905629516420193 0.43209666957125004 ;
createNode mesh -n "drawer_2Shape" -p "drawer_2";
	rename -uid "58104B86-442C-99B3-A9DD-57BBA807F90B";
	setAttr -k off ".v";
	setAttr ".iog[0].og[0].gcl" -type "componentList" 1 "f[0:931]";
	setAttr ".vir" yes;
	setAttr ".vif" yes;
	setAttr ".uvst[0].uvsn" -type "string" "map1";
	setAttr -s 2672 ".uvst[0].uvsp";
	setAttr ".uvst[0].uvsp[0:249]" -type "float2" 0.375 0.5 0.625 0.5 0.625 0.75
		 0.375 0.75 0.125 0 0.375 0 0.375 0.25 0.125 0.25 0.625 0.50476968 0.375 0.50476968
		 0.375 0.75 0.625 0.75 0.125 0.24523032 0.375 0.24523032 0.375 0 0.125 0 0.625 1 0.375
		 1 0.375 1 0.625 1 0.625 0.24523032 0.875 0.24523032 0.875 0 0.625 0 0.625 0 0.875
		 0 0.875 0.25 0.625 0.25 0.38857797 0.48642206 0.61142206 0.48642206 0.61142206 0.26357797
		 0.38857794 0.26357794 0 0 0.029195514 4.0862875e-18 0.052120768 0.0131291 0.07259661
		 0.031842206 0.095031954 0.051926803 0.10590642 0.084354989 0.10698382 0.10992563
		 0.10306455 0.13637798 0.09316881 0.17762302 0.093168646 0.20682016 0.09669514 0.22680503
		 0.09414763 0.25129807 0.10276871 0.28068933 0.11932577 0.29665941 0.13372752 0.31987888
		 0.14979446 0.34280449 0.16321626 0.37993678 0.16125649 0.40776062 0.16439101 0.44498911
		 0.15998185 0.47839695 0.18075156 0.49877548 0.20544028 0.52189696 0.22336888 0.53590775
		 0.23394947 0.56667054 0.23590849 0.59723741 0.22709072 0.63485956 0.21739101 0.66748369
		 0.2072017 0.70706511 0.20622142 0.75017142 0.21925119 0.77535027 0.23766991 0.7824055
		 0.25363913 0.79504299 0.263044 0.81914419 0.26470914 0.84804565 0.25432408 0.86705261
		 0.24227338 0.88635349 0.22375655 0.89820725 0.2535398 0.90153807 0.27813068 0.91437328
		 0.29468775 0.93034333 0.30987298 0.94827092 0.32897708 0.96894336 0.32848746 0.97590065
		 0.19191468 1 0 0 0.19191468 1 0.32848746 0.97590065 0.32897708 0.96894336 0.30987298
		 0.94827092 0.29468775 0.93034333 0.27813068 0.91437328 0.2535398 0.90153807 0.22375655
		 0.89820725 0.24227338 0.88635349 0.25432408 0.86705261 0.26470914 0.84804565 0.263044
		 0.81914419 0.25363913 0.79504299 0.23766991 0.7824055 0.21925119 0.77535027 0.20622142
		 0.75017142 0.2072017 0.70706511 0.21739101 0.66748369 0.22709072 0.63485956 0.23590849
		 0.59723741 0.23394947 0.56667054 0.22336888 0.53590775 0.20544028 0.52189696 0.18075156
		 0.49877548 0.15998185 0.47839695 0.16439101 0.44498911 0.16125649 0.40776062 0.16321626
		 0.37993678 0.14979446 0.34280449 0.13372752 0.31987888 0.11932577 0.29665941 0.10276871
		 0.28068933 0.09414763 0.25129807 0.09669514 0.22680503 0.093168646 0.20682016 0.09316881
		 0.17762302 0.10306455 0.13637798 0.10698382 0.10992563 0.10590642 0.084354989 0.095031954
		 0.051926803 0.07259661 0.031842206 0.052120768 0.0131291 0.029195514 4.0862875e-18
		 0 0 0.029195514 4.0862875e-18 0.052120768 0.0131291 0.07259661 0.031842206 0.095031954
		 0.051926803 0.10590642 0.084354989 0.10698382 0.10992563 0.10306455 0.13637798 0.09316881
		 0.17762302 0.093168646 0.20682016 0.09669514 0.22680503 0.09414763 0.25129807 0.10276871
		 0.28068933 0.11932577 0.29665941 0.13372752 0.31987888 0.14979446 0.34280449 0.16321626
		 0.37993678 0.16125649 0.40776062 0.16439101 0.44498911 0.15998185 0.47839695 0.18075156
		 0.49877548 0.20544028 0.52189696 0.22336888 0.53590775 0.23394947 0.56667054 0.23590849
		 0.59723741 0.22709072 0.63485956 0.21739101 0.66748369 0.2072017 0.70706511 0.20622142
		 0.75017142 0.21925119 0.77535027 0.23766991 0.7824055 0.25363913 0.79504299 0.263044
		 0.81914419 0.26470914 0.84804565 0.25432408 0.86705261 0.24227338 0.88635349 0.22375655
		 0.89820725 0.2535398 0.90153807 0.27813068 0.91437328 0.29468775 0.93034333 0.30987298
		 0.94827092 0.32897708 0.96894336 0.32848746 0.97590065 0.19191468 1 0 0 0.029195514
		 4.0862875e-18 0.052120768 0.0131291 0.07259661 0.031842206 0.095031954 0.051926803
		 0.10590642 0.084354989 0.10698382 0.10992563 0.10306455 0.13637798 0.09316881 0.17762302
		 0.093168646 0.20682016 0.09669514 0.22680503 0.09414763 0.25129807 0.10276871 0.28068933
		 0.11932577 0.29665941 0.13372752 0.31987888 0.14979446 0.34280449 0.16321626 0.37993678
		 0.16125649 0.40776062 0.16439101 0.44498911 0.15998185 0.47839695 0.18075156 0.49877548
		 0.20544028 0.52189696 0.22336888 0.53590775 0.23394947 0.56667054 0.23590849 0.59723741
		 0.22709072 0.63485956 0.21739101 0.66748369 0.2072017 0.70706511 0.20622142 0.75017142
		 0.21925119 0.77535027 0.23766991 0.7824055 0.25363913 0.79504299 0.263044 0.81914419
		 0.26470914 0.84804565 0.25432408 0.86705261 0.24227338 0.88635349 0.22375655 0.89820725
		 0.2535398 0.90153807 0.27813068 0.91437328 0.29468775 0.93034333 0.30987298 0.94827092
		 0.32897708 0.96894336 0.32848746 0.97590065 0.19191468 1 0 0 0.19191468 1 0.32848746
		 0.97590065 0.32897708 0.96894336 0.30987298 0.94827092 0.29468775 0.93034333 0.27813068
		 0.91437328 0.2535398 0.90153807 0.22375655 0.89820725 0.24227338 0.88635349 0.25432408
		 0.86705261 0.26470914 0.84804565 0.263044 0.81914419 0.25363913 0.79504299 0.23766991
		 0.7824055 0.21925119 0.77535027 0.20622142 0.75017142 0.2072017 0.70706511 0.21739101
		 0.66748369 0.22709072 0.63485956 0.23590849 0.59723741 0.23394947 0.56667054 0.22336888
		 0.53590775 0.20544028 0.52189696 0.18075156 0.49877548 0.15998185 0.47839695 0.16439101
		 0.44498911 0.16125649 0.40776062 0.16321626 0.37993678 0.14979446 0.34280449 0.13372752
		 0.31987888 0.11932577 0.29665941 0.10276871 0.28068933 0.09414763 0.25129807 0.09669514
		 0.22680503 0.093168646 0.20682016 0.09316881 0.17762302 0.10306455 0.13637798 0.10698382
		 0.10992563 0.10590642 0.084354989 0.095031954 0.051926803 0.07259661 0.031842206;
	setAttr ".uvst[0].uvsp[250:499]" 0.052120768 0.0131291 0.029195514 4.0862875e-18
		 0 0 0.029195514 4.0862875e-18 0.052120768 0.0131291 0.07259661 0.031842206 0.095031954
		 0.051926803 0.10590642 0.084354989 0.10698382 0.10992563 0.10306455 0.13637798 0.09316881
		 0.17762302 0.093168646 0.20682016 0.09669514 0.22680503 0.09414763 0.25129807 0.10276871
		 0.28068933 0.11932577 0.29665941 0.13372752 0.31987888 0.14979446 0.34280449 0.16321626
		 0.37993678 0.16125649 0.40776062 0.16439101 0.44498911 0.15998185 0.47839695 0.18075156
		 0.49877548 0.20544028 0.52189696 0.22336888 0.53590775 0.23394947 0.56667054 0.23590849
		 0.59723741 0.22709072 0.63485956 0.21739101 0.66748369 0.2072017 0.70706511 0.20622142
		 0.75017142 0.21925119 0.77535027 0.23766991 0.7824055 0.25363913 0.79504299 0.263044
		 0.81914419 0.26470914 0.84804565 0.25432408 0.86705261 0.24227338 0.88635349 0.22375655
		 0.89820725 0.2535398 0.90153807 0.27813068 0.91437328 0.29468775 0.93034333 0.30987298
		 0.94827092 0.32897708 0.96894336 0.32848746 0.97590065 0.19191468 1 0 0 0.029195514
		 4.0862875e-18 0.052120768 0.0131291 0.07259661 0.031842206 0.095031954 0.051926803
		 0.10590642 0.084354989 0.10698382 0.10992563 0.10306455 0.13637798 0.09316881 0.17762302
		 0.093168646 0.20682016 0.09669514 0.22680503 0.09414763 0.25129807 0.10276871 0.28068933
		 0.11932577 0.29665941 0.13372752 0.31987888 0.14979446 0.34280449 0.16321626 0.37993678
		 0.16125649 0.40776062 0.16439101 0.44498911 0.15998185 0.47839695 0.18075156 0.49877548
		 0.20544028 0.52189696 0.22336888 0.53590775 0.23394947 0.56667054 0.23590849 0.59723741
		 0.22709072 0.63485956 0.21739101 0.66748369 0.2072017 0.70706511 0.20622142 0.75017142
		 0.21925119 0.77535027 0.23766991 0.7824055 0.25363913 0.79504299 0.263044 0.81914419
		 0.26470914 0.84804565 0.25432408 0.86705261 0.24227338 0.88635349 0.22375655 0.89820725
		 0.2535398 0.90153807 0.27813068 0.91437328 0.29468775 0.93034333 0.30987298 0.94827092
		 0.32897708 0.96894336 0.32848746 0.97590065 0.19191468 1 0 0 0.19191468 1 0.32848746
		 0.97590065 0.32897708 0.96894336 0.30987298 0.94827092 0.29468775 0.93034333 0.27813068
		 0.91437328 0.2535398 0.90153807 0.22375655 0.89820725 0.24227338 0.88635349 0.25432408
		 0.86705261 0.26470914 0.84804565 0.263044 0.81914419 0.25363913 0.79504299 0.23766991
		 0.7824055 0.21925119 0.77535027 0.20622142 0.75017142 0.2072017 0.70706511 0.21739101
		 0.66748369 0.22709072 0.63485956 0.23590849 0.59723741 0.23394947 0.56667054 0.22336888
		 0.53590775 0.20544028 0.52189696 0.18075156 0.49877548 0.15998185 0.47839695 0.16439101
		 0.44498911 0.16125649 0.40776062 0.16321626 0.37993678 0.14979446 0.34280449 0.13372752
		 0.31987888 0.11932577 0.29665941 0.10276871 0.28068933 0.09414763 0.25129807 0.09669514
		 0.22680503 0.093168646 0.20682016 0.09316881 0.17762302 0.10306455 0.13637798 0.10698382
		 0.10992563 0.10590642 0.084354989 0.095031954 0.051926803 0.07259661 0.031842206
		 0.052120768 0.0131291 0.029195514 4.0862875e-18 0 0 0.029195514 4.0862875e-18 0.052120768
		 0.0131291 0.07259661 0.031842206 0.095031954 0.051926803 0.10590642 0.084354989 0.10698382
		 0.10992563 0.10306455 0.13637798 0.09316881 0.17762302 0.093168646 0.20682016 0.09669514
		 0.22680503 0.09414763 0.25129807 0.10276871 0.28068933 0.11932577 0.29665941 0.13372752
		 0.31987888 0.14979446 0.34280449 0.16321626 0.37993678 0.16125649 0.40776062 0.16439101
		 0.44498911 0.15998185 0.47839695 0.18075156 0.49877548 0.20544028 0.52189696 0.22336888
		 0.53590775 0.23394947 0.56667054 0.23590849 0.59723741 0.22709072 0.63485956 0.21739101
		 0.66748369 0.2072017 0.70706511 0.20622142 0.75017142 0.21925119 0.77535027 0.23766991
		 0.7824055 0.25363913 0.79504299 0.263044 0.81914419 0.26470914 0.84804565 0.25432408
		 0.86705261 0.24227338 0.88635349 0.22375655 0.89820725 0.2535398 0.90153807 0.27813068
		 0.91437328 0.29468775 0.93034333 0.30987298 0.94827092 0.32897708 0.96894336 0.32848746
		 0.97590065 0.19191468 1 0 0 0.029195514 4.0862875e-18 0.052120768 0.0131291 0.07259661
		 0.031842206 0.095031954 0.051926803 0.10590642 0.084354989 0.10698382 0.10992563
		 0.10306455 0.13637798 0.09316881 0.17762302 0.093168646 0.20682016 0.09669514 0.22680503
		 0.09414763 0.25129807 0.10276871 0.28068933 0.11932577 0.29665941 0.13372752 0.31987888
		 0.14979446 0.34280449 0.16321626 0.37993678 0.16125649 0.40776062 0.16439101 0.44498911
		 0.15998185 0.47839695 0.18075156 0.49877548 0.20544028 0.52189696 0.22336888 0.53590775
		 0.23394947 0.56667054 0.23590849 0.59723741 0.22709072 0.63485956 0.21739101 0.66748369
		 0.2072017 0.70706511 0.20622142 0.75017142 0.21925119 0.77535027 0.23766991 0.7824055
		 0.25363913 0.79504299 0.263044 0.81914419 0.26470914 0.84804565 0.25432408 0.86705261
		 0.24227338 0.88635349 0.22375655 0.89820725 0.2535398 0.90153807 0.27813068 0.91437328
		 0.29468775 0.93034333 0.30987298 0.94827092 0.32897708 0.96894336 0.32848746 0.97590065
		 0.19191468 1 0 0 0.19191468 1 0.32848746 0.97590065 0.32897708 0.96894336 0.30987298
		 0.94827092 0.29468775 0.93034333 0.27813068 0.91437328 0.2535398 0.90153807 0.22375655
		 0.89820725 0.24227338 0.88635349 0.25432408 0.86705261 0.26470914 0.84804565 0.263044
		 0.81914419 0.25363913 0.79504299 0.23766991 0.7824055 0.21925119 0.77535027 0.20622142
		 0.75017142 0.2072017 0.70706511 0.21739101 0.66748369 0.22709072 0.63485956 0.23590849
		 0.59723741 0.23394947 0.56667054 0.22336888 0.53590775 0.20544028 0.52189696 0.18075156
		 0.49877548 0.15998185 0.47839695 0.16439101 0.44498911 0.16125649 0.40776062;
	setAttr ".uvst[0].uvsp[500:749]" 0.16321626 0.37993678 0.14979446 0.34280449
		 0.13372752 0.31987888 0.11932577 0.29665941 0.10276871 0.28068933 0.09414763 0.25129807
		 0.09669514 0.22680503 0.093168646 0.20682016 0.09316881 0.17762302 0.10306455 0.13637798
		 0.10698382 0.10992563 0.10590642 0.084354989 0.095031954 0.051926803 0.07259661 0.031842206
		 0.052120768 0.0131291 0.029195514 4.0862875e-18 0 0 0.029195514 4.0862875e-18 0.052120768
		 0.0131291 0.07259661 0.031842206 0.095031954 0.051926803 0.10590642 0.084354989 0.10698382
		 0.10992563 0.10306455 0.13637798 0.09316881 0.17762302 0.093168646 0.20682016 0.09669514
		 0.22680503 0.09414763 0.25129807 0.10276871 0.28068933 0.11932577 0.29665941 0.13372752
		 0.31987888 0.14979446 0.34280449 0.16321626 0.37993678 0.16125649 0.40776062 0.16439101
		 0.44498911 0.15998185 0.47839695 0.18075156 0.49877548 0.20544028 0.52189696 0.22336888
		 0.53590775 0.23394947 0.56667054 0.23590849 0.59723741 0.22709072 0.63485956 0.21739101
		 0.66748369 0.2072017 0.70706511 0.20622142 0.75017142 0.21925119 0.77535027 0.23766991
		 0.7824055 0.25363913 0.79504299 0.263044 0.81914419 0.26470914 0.84804565 0.25432408
		 0.86705261 0.24227338 0.88635349 0.22375655 0.89820725 0.2535398 0.90153807 0.27813068
		 0.91437328 0.29468775 0.93034333 0.30987298 0.94827092 0.32897708 0.96894336 0.32848746
		 0.97590065 0.19191468 1 0 0 0.029195514 4.0862875e-18 0.052120768 0.0131291 0.07259661
		 0.031842206 0.095031954 0.051926803 0.10590642 0.084354989 0.10698382 0.10992563
		 0.10306455 0.13637798 0.09316881 0.17762302 0.093168646 0.20682016 0.09669514 0.22680503
		 0.09414763 0.25129807 0.10276871 0.28068933 0.11932577 0.29665941 0.13372752 0.31987888
		 0.14979446 0.34280449 0.16321626 0.37993678 0.16125649 0.40776062 0.16439101 0.44498911
		 0.15998185 0.47839695 0.18075156 0.49877548 0.20544028 0.52189696 0.22336888 0.53590775
		 0.23394947 0.56667054 0.23590849 0.59723741 0.22709072 0.63485956 0.21739101 0.66748369
		 0.2072017 0.70706511 0.20622142 0.75017142 0.21925119 0.77535027 0.23766991 0.7824055
		 0.25363913 0.79504299 0.263044 0.81914419 0.26470914 0.84804565 0.25432408 0.86705261
		 0.24227338 0.88635349 0.22375655 0.89820725 0.2535398 0.90153807 0.27813068 0.91437328
		 0.29468775 0.93034333 0.30987298 0.94827092 0.32897708 0.96894336 0.32848746 0.97590065
		 0.19191468 1 0 0 0.19191468 1 0.32848746 0.97590065 0.32897708 0.96894336 0.30987298
		 0.94827092 0.29468775 0.93034333 0.27813068 0.91437328 0.2535398 0.90153807 0.22375655
		 0.89820725 0.24227338 0.88635349 0.25432408 0.86705261 0.26470914 0.84804565 0.263044
		 0.81914419 0.25363913 0.79504299 0.23766991 0.7824055 0.21925119 0.77535027 0.20622142
		 0.75017142 0.2072017 0.70706511 0.21739101 0.66748369 0.22709072 0.63485956 0.23590849
		 0.59723741 0.23394947 0.56667054 0.22336888 0.53590775 0.20544028 0.52189696 0.18075156
		 0.49877548 0.15998185 0.47839695 0.16439101 0.44498911 0.16125649 0.40776062 0.16321626
		 0.37993678 0.14979446 0.34280449 0.13372752 0.31987888 0.11932577 0.29665941 0.10276871
		 0.28068933 0.09414763 0.25129807 0.09669514 0.22680503 0.093168646 0.20682016 0.09316881
		 0.17762302 0.10306455 0.13637798 0.10698382 0.10992563 0.10590642 0.084354989 0.095031954
		 0.051926803 0.07259661 0.031842206 0.052120768 0.0131291 0.029195514 4.0862875e-18
		 0 0 0.029195514 4.0862875e-18 0.052120768 0.0131291 0.07259661 0.031842206 0.095031954
		 0.051926803 0.10590642 0.084354989 0.10698382 0.10992563 0.10306455 0.13637798 0.09316881
		 0.17762302 0.093168646 0.20682016 0.09669514 0.22680503 0.09414763 0.25129807 0.10276871
		 0.28068933 0.11932577 0.29665941 0.13372752 0.31987888 0.14979446 0.34280449 0.16321626
		 0.37993678 0.16125649 0.40776062 0.16439101 0.44498911 0.15998185 0.47839695 0.18075156
		 0.49877548 0.20544028 0.52189696 0.22336888 0.53590775 0.23394947 0.56667054 0.23590849
		 0.59723741 0.22709072 0.63485956 0.21739101 0.66748369 0.2072017 0.70706511 0.20622142
		 0.75017142 0.21925119 0.77535027 0.23766991 0.7824055 0.25363913 0.79504299 0.263044
		 0.81914419 0.26470914 0.84804565 0.25432408 0.86705261 0.24227338 0.88635349 0.22375655
		 0.89820725 0.2535398 0.90153807 0.27813068 0.91437328 0.29468775 0.93034333 0.30987298
		 0.94827092 0.32897708 0.96894336 0.32848746 0.97590065 0.19191468 1 0 0 0.029195514
		 4.0862875e-18 0.052120768 0.0131291 0.07259661 0.031842206 0.095031954 0.051926803
		 0.10590642 0.084354989 0.10698382 0.10992563 0.10306455 0.13637798 0.09316881 0.17762302
		 0.093168646 0.20682016 0.09669514 0.22680503 0.09414763 0.25129807 0.10276871 0.28068933
		 0.11932577 0.29665941 0.13372752 0.31987888 0.14979446 0.34280449 0.16321626 0.37993678
		 0.16125649 0.40776062 0.16439101 0.44498911 0.15998185 0.47839695 0.18075156 0.49877548
		 0.20544028 0.52189696 0.22336888 0.53590775 0.23394947 0.56667054 0.23590849 0.59723741
		 0.22709072 0.63485956 0.21739101 0.66748369 0.2072017 0.70706511 0.20622142 0.75017142
		 0.21925119 0.77535027 0.23766991 0.7824055 0.25363913 0.79504299 0.263044 0.81914419
		 0.26470914 0.84804565 0.25432408 0.86705261 0.24227338 0.88635349 0.22375655 0.89820725
		 0.2535398 0.90153807 0.27813068 0.91437328 0.29468775 0.93034333 0.30987298 0.94827092
		 0.32897708 0.96894336 0.32848746 0.97590065 0.19191468 1 0 0 0.19191468 1 0.32848746
		 0.97590065 0.32897708 0.96894336 0.30987298 0.94827092 0.29468775 0.93034333 0.27813068
		 0.91437328 0.2535398 0.90153807 0.22375655 0.89820725 0.24227338 0.88635349 0.25432408
		 0.86705261 0.26470914 0.84804565 0.263044 0.81914419 0.25363913 0.79504299;
	setAttr ".uvst[0].uvsp[750:999]" 0.23766991 0.7824055 0.21925119 0.77535027
		 0.20622142 0.75017142 0.2072017 0.70706511 0.21739101 0.66748369 0.22709072 0.63485956
		 0.23590849 0.59723741 0.23394947 0.56667054 0.22336888 0.53590775 0.20544028 0.52189696
		 0.18075156 0.49877548 0.15998185 0.47839695 0.16439101 0.44498911 0.16125649 0.40776062
		 0.16321626 0.37993678 0.14979446 0.34280449 0.13372752 0.31987888 0.11932577 0.29665941
		 0.10276871 0.28068933 0.09414763 0.25129807 0.09669514 0.22680503 0.093168646 0.20682016
		 0.09316881 0.17762302 0.10306455 0.13637798 0.10698382 0.10992563 0.10590642 0.084354989
		 0.095031954 0.051926803 0.07259661 0.031842206 0.052120768 0.0131291 0.029195514
		 4.0862875e-18 0 0 0.029195514 4.0862875e-18 0.052120768 0.0131291 0.07259661 0.031842206
		 0.095031954 0.051926803 0.10590642 0.084354989 0.10698382 0.10992563 0.10306455 0.13637798
		 0.09316881 0.17762302 0.093168646 0.20682016 0.09669514 0.22680503 0.09414763 0.25129807
		 0.10276871 0.28068933 0.11932577 0.29665941 0.13372752 0.31987888 0.14979446 0.34280449
		 0.16321626 0.37993678 0.16125649 0.40776062 0.16439101 0.44498911 0.15998185 0.47839695
		 0.18075156 0.49877548 0.20544028 0.52189696 0.22336888 0.53590775 0.23394947 0.56667054
		 0.23590849 0.59723741 0.22709072 0.63485956 0.21739101 0.66748369 0.2072017 0.70706511
		 0.20622142 0.75017142 0.21925119 0.77535027 0.23766991 0.7824055 0.25363913 0.79504299
		 0.263044 0.81914419 0.26470914 0.84804565 0.25432408 0.86705261 0.24227338 0.88635349
		 0.22375655 0.89820725 0.2535398 0.90153807 0.27813068 0.91437328 0.29468775 0.93034333
		 0.30987298 0.94827092 0.32897708 0.96894336 0.32848746 0.97590065 0.19191468 1 0
		 0 0.029195514 4.0862875e-18 0.052120768 0.0131291 0.07259661 0.031842206 0.095031954
		 0.051926803 0.10590642 0.084354989 0.10698382 0.10992563 0.10306455 0.13637798 0.09316881
		 0.17762302 0.093168646 0.20682016 0.09669514 0.22680503 0.09414763 0.25129807 0.10276871
		 0.28068933 0.11932577 0.29665941 0.13372752 0.31987888 0.14979446 0.34280449 0.16321626
		 0.37993678 0.16125649 0.40776062 0.16439101 0.44498911 0.15998185 0.47839695 0.18075156
		 0.49877548 0.20544028 0.52189696 0.22336888 0.53590775 0.23394947 0.56667054 0.23590849
		 0.59723741 0.22709072 0.63485956 0.21739101 0.66748369 0.2072017 0.70706511 0.20622142
		 0.75017142 0.21925119 0.77535027 0.23766991 0.7824055 0.25363913 0.79504299 0.263044
		 0.81914419 0.26470914 0.84804565 0.25432408 0.86705261 0.24227338 0.88635349 0.22375655
		 0.89820725 0.2535398 0.90153807 0.27813068 0.91437328 0.29468775 0.93034333 0.30987298
		 0.94827092 0.32897708 0.96894336 0.32848746 0.97590065 0.19191468 1 0 0 0.19191468
		 1 0.32848746 0.97590065 0.32897708 0.96894336 0.30987298 0.94827092 0.29468775 0.93034333
		 0.27813068 0.91437328 0.2535398 0.90153807 0.22375655 0.89820725 0.24227338 0.88635349
		 0.25432408 0.86705261 0.26470914 0.84804565 0.263044 0.81914419 0.25363913 0.79504299
		 0.23766991 0.7824055 0.21925119 0.77535027 0.20622142 0.75017142 0.2072017 0.70706511
		 0.21739101 0.66748369 0.22709072 0.63485956 0.23590849 0.59723741 0.23394947 0.56667054
		 0.22336888 0.53590775 0.20544028 0.52189696 0.18075156 0.49877548 0.15998185 0.47839695
		 0.16439101 0.44498911 0.16125649 0.40776062 0.16321626 0.37993678 0.14979446 0.34280449
		 0.13372752 0.31987888 0.11932577 0.29665941 0.10276871 0.28068933 0.09414763 0.25129807
		 0.09669514 0.22680503 0.093168646 0.20682016 0.09316881 0.17762302 0.10306455 0.13637798
		 0.10698382 0.10992563 0.10590642 0.084354989 0.095031954 0.051926803 0.07259661 0.031842206
		 0.052120768 0.0131291 0.029195514 4.0862875e-18 0 0 0.029195514 4.0862875e-18 0.052120768
		 0.0131291 0.07259661 0.031842206 0.095031954 0.051926803 0.10590642 0.084354989 0.10698382
		 0.10992563 0.10306455 0.13637798 0.09316881 0.17762302 0.093168646 0.20682016 0.09669514
		 0.22680503 0.09414763 0.25129807 0.10276871 0.28068933 0.11932577 0.29665941 0.13372752
		 0.31987888 0.14979446 0.34280449 0.16321626 0.37993678 0.16125649 0.40776062 0.16439101
		 0.44498911 0.15998185 0.47839695 0.18075156 0.49877548 0.20544028 0.52189696 0.22336888
		 0.53590775 0.23394947 0.56667054 0.23590849 0.59723741 0.22709072 0.63485956 0.21739101
		 0.66748369 0.2072017 0.70706511 0.20622142 0.75017142 0.21925119 0.77535027 0.23766991
		 0.7824055 0.25363913 0.79504299 0.263044 0.81914419 0.26470914 0.84804565 0.25432408
		 0.86705261 0.24227338 0.88635349 0.22375655 0.89820725 0.2535398 0.90153807 0.27813068
		 0.91437328 0.29468775 0.93034333 0.30987298 0.94827092 0.32897708 0.96894336 0.32848746
		 0.97590065 0.19191468 1 0 0 0.029195514 4.0862875e-18 0.052120768 0.0131291 0.07259661
		 0.031842206 0.095031954 0.051926803 0.10590642 0.084354989 0.10698382 0.10992563
		 0.10306455 0.13637798 0.09316881 0.17762302 0.093168646 0.20682016 0.09669514 0.22680503
		 0.09414763 0.25129807 0.10276871 0.28068933 0.11932577 0.29665941 0.13372752 0.31987888
		 0.14979446 0.34280449 0.16321626 0.37993678 0.16125649 0.40776062 0.16439101 0.44498911
		 0.15998185 0.47839695 0.18075156 0.49877548 0.20544028 0.52189696 0.22336888 0.53590775
		 0.23394947 0.56667054 0.23590849 0.59723741 0.22709072 0.63485956 0.21739101 0.66748369
		 0.2072017 0.70706511 0.20622142 0.75017142 0.21925119 0.77535027 0.23766991 0.7824055
		 0.25363913 0.79504299 0.263044 0.81914419 0.26470914 0.84804565 0.25432408 0.86705261
		 0.24227338 0.88635349 0.22375655 0.89820725 0.2535398 0.90153807 0.27813068 0.91437328
		 0.29468775 0.93034333 0.30987298 0.94827092 0.32897708 0.96894336 0.32848746 0.97590065
		 0.19191468 1;
	setAttr ".uvst[0].uvsp[1000:1249]" 0 0 0.19191468 1 0.32848746 0.97590065 0.32897708
		 0.96894336 0.30987298 0.94827092 0.29468775 0.93034333 0.27813068 0.91437328 0.2535398
		 0.90153807 0.22375655 0.89820725 0.24227338 0.88635349 0.25432408 0.86705261 0.26470914
		 0.84804565 0.263044 0.81914419 0.25363913 0.79504299 0.23766991 0.7824055 0.21925119
		 0.77535027 0.20622142 0.75017142 0.2072017 0.70706511 0.21739101 0.66748369 0.22709072
		 0.63485956 0.23590849 0.59723741 0.23394947 0.56667054 0.22336888 0.53590775 0.20544028
		 0.52189696 0.18075156 0.49877548 0.15998185 0.47839695 0.16439101 0.44498911 0.16125649
		 0.40776062 0.16321626 0.37993678 0.14979446 0.34280449 0.13372752 0.31987888 0.11932577
		 0.29665941 0.10276871 0.28068933 0.09414763 0.25129807 0.09669514 0.22680503 0.093168646
		 0.20682016 0.09316881 0.17762302 0.10306455 0.13637798 0.10698382 0.10992563 0.10590642
		 0.084354989 0.095031954 0.051926803 0.07259661 0.031842206 0.052120768 0.0131291
		 0.029195514 4.0862875e-18 0 0 0.029195514 4.0862875e-18 0.052120768 0.0131291 0.07259661
		 0.031842206 0.095031954 0.051926803 0.10590642 0.084354989 0.10698382 0.10992563
		 0.10306455 0.13637798 0.09316881 0.17762302 0.093168646 0.20682016 0.09669514 0.22680503
		 0.09414763 0.25129807 0.10276871 0.28068933 0.11932577 0.29665941 0.13372752 0.31987888
		 0.14979446 0.34280449 0.16321626 0.37993678 0.16125649 0.40776062 0.16439101 0.44498911
		 0.15998185 0.47839695 0.18075156 0.49877548 0.20544028 0.52189696 0.22336888 0.53590775
		 0.23394947 0.56667054 0.23590849 0.59723741 0.22709072 0.63485956 0.21739101 0.66748369
		 0.2072017 0.70706511 0.20622142 0.75017142 0.21925119 0.77535027 0.23766991 0.7824055
		 0.25363913 0.79504299 0.263044 0.81914419 0.26470914 0.84804565 0.25432408 0.86705261
		 0.24227338 0.88635349 0.22375655 0.89820725 0.2535398 0.90153807 0.27813068 0.91437328
		 0.29468775 0.93034333 0.30987298 0.94827092 0.32897708 0.96894336 0.32848746 0.97590065
		 0.19191468 1 0 0 0.029195514 4.0862875e-18 0.052120768 0.0131291 0.07259661 0.031842206
		 0.095031954 0.051926803 0.10590642 0.084354989 0.10698382 0.10992563 0.10306455 0.13637798
		 0.09316881 0.17762302 0.093168646 0.20682016 0.09669514 0.22680503 0.09414763 0.25129807
		 0.10276871 0.28068933 0.11932577 0.29665941 0.13372752 0.31987888 0.14979446 0.34280449
		 0.16321626 0.37993678 0.16125649 0.40776062 0.16439101 0.44498911 0.15998185 0.47839695
		 0.18075156 0.49877548 0.20544028 0.52189696 0.22336888 0.53590775 0.23394947 0.56667054
		 0.23590849 0.59723741 0.22709072 0.63485956 0.21739101 0.66748369 0.2072017 0.70706511
		 0.20622142 0.75017142 0.21925119 0.77535027 0.23766991 0.7824055 0.25363913 0.79504299
		 0.263044 0.81914419 0.26470914 0.84804565 0.25432408 0.86705261 0.24227338 0.88635349
		 0.22375655 0.89820725 0.2535398 0.90153807 0.27813068 0.91437328 0.29468775 0.93034333
		 0.30987298 0.94827092 0.32897708 0.96894336 0.32848746 0.97590065 0.19191468 1 0
		 0 0.19191468 1 0.32848746 0.97590065 0.32897708 0.96894336 0.30987298 0.94827092
		 0.29468775 0.93034333 0.27813068 0.91437328 0.2535398 0.90153807 0.22375655 0.89820725
		 0.24227338 0.88635349 0.25432408 0.86705261 0.26470914 0.84804565 0.263044 0.81914419
		 0.25363913 0.79504299 0.23766991 0.7824055 0.21925119 0.77535027 0.20622142 0.75017142
		 0.2072017 0.70706511 0.21739101 0.66748369 0.22709072 0.63485956 0.23590849 0.59723741
		 0.23394947 0.56667054 0.22336888 0.53590775 0.20544028 0.52189696 0.18075156 0.49877548
		 0.15998185 0.47839695 0.16439101 0.44498911 0.16125649 0.40776062 0.16321626 0.37993678
		 0.14979446 0.34280449 0.13372752 0.31987888 0.11932577 0.29665941 0.10276871 0.28068933
		 0.09414763 0.25129807 0.09669514 0.22680503 0.093168646 0.20682016 0.09316881 0.17762302
		 0.10306455 0.13637798 0.10698382 0.10992563 0.10590642 0.084354989 0.095031954 0.051926803
		 0.07259661 0.031842206 0.052120768 0.0131291 0.029195514 4.0862875e-18 0 0 0.029195514
		 4.0862875e-18 0.052120768 0.0131291 0.07259661 0.031842206 0.095031954 0.051926803
		 0.10590642 0.084354989 0.10698382 0.10992563 0.10306455 0.13637798 0.09316881 0.17762302
		 0.093168646 0.20682016 0.09669514 0.22680503 0.09414763 0.25129807 0.10276871 0.28068933
		 0.11932577 0.29665941 0.13372752 0.31987888 0.14979446 0.34280449 0.16321626 0.37993678
		 0.16125649 0.40776062 0.16439101 0.44498911 0.15998185 0.47839695 0.18075156 0.49877548
		 0.20544028 0.52189696 0.22336888 0.53590775 0.23394947 0.56667054 0.23590849 0.59723741
		 0.22709072 0.63485956 0.21739101 0.66748369 0.2072017 0.70706511 0.20622142 0.75017142
		 0.21925119 0.77535027 0.23766991 0.7824055 0.25363913 0.79504299 0.263044 0.81914419
		 0.26470914 0.84804565 0.25432408 0.86705261 0.24227338 0.88635349 0.22375655 0.89820725
		 0.2535398 0.90153807 0.27813068 0.91437328 0.29468775 0.93034333 0.30987298 0.94827092
		 0.32897708 0.96894336 0.32848746 0.97590065 0.19191468 1 0 0 0.029195514 4.0862875e-18
		 0.052120768 0.0131291 0.07259661 0.031842206 0.095031954 0.051926803 0.10590642 0.084354989
		 0.10698382 0.10992563 0.10306455 0.13637798 0.09316881 0.17762302 0.093168646 0.20682016
		 0.09669514 0.22680503 0.09414763 0.25129807 0.10276871 0.28068933 0.11932577 0.29665941
		 0.13372752 0.31987888 0.14979446 0.34280449 0.16321626 0.37993678 0.16125649 0.40776062
		 0.16439101 0.44498911 0.15998185 0.47839695 0.18075156 0.49877548 0.20544028 0.52189696
		 0.22336888 0.53590775 0.23394947 0.56667054 0.23590849 0.59723741 0.22709072 0.63485956
		 0.21739101 0.66748369 0.2072017 0.70706511 0.20622142 0.75017142 0.21925119 0.77535027;
	setAttr ".uvst[0].uvsp[1250:1499]" 0.23766991 0.7824055 0.25363913 0.79504299
		 0.263044 0.81914419 0.26470914 0.84804565 0.25432408 0.86705261 0.24227338 0.88635349
		 0.22375655 0.89820725 0.2535398 0.90153807 0.27813068 0.91437328 0.29468775 0.93034333
		 0.30987298 0.94827092 0.32897708 0.96894336 0.32848746 0.97590065 0.19191468 1 0
		 0 0.19191468 1 0.32848746 0.97590065 0.32897708 0.96894336 0.30987298 0.94827092
		 0.29468775 0.93034333 0.27813068 0.91437328 0.2535398 0.90153807 0.22375655 0.89820725
		 0.24227338 0.88635349 0.25432408 0.86705261 0.26470914 0.84804565 0.263044 0.81914419
		 0.25363913 0.79504299 0.23766991 0.7824055 0.21925119 0.77535027 0.20622142 0.75017142
		 0.2072017 0.70706511 0.21739101 0.66748369 0.22709072 0.63485956 0.23590849 0.59723741
		 0.23394947 0.56667054 0.22336888 0.53590775 0.20544028 0.52189696 0.18075156 0.49877548
		 0.15998185 0.47839695 0.16439101 0.44498911 0.16125649 0.40776062 0.16321626 0.37993678
		 0.14979446 0.34280449 0.13372752 0.31987888 0.11932577 0.29665941 0.10276871 0.28068933
		 0.09414763 0.25129807 0.09669514 0.22680503 0.093168646 0.20682016 0.09316881 0.17762302
		 0.10306455 0.13637798 0.10698382 0.10992563 0.10590642 0.084354989 0.095031954 0.051926803
		 0.07259661 0.031842206 0.052120768 0.0131291 0.029195514 4.0862875e-18 0 0 0.029195514
		 4.0862875e-18 0.052120768 0.0131291 0.07259661 0.031842206 0.095031954 0.051926803
		 0.10590642 0.084354989 0.10698382 0.10992563 0.10306455 0.13637798 0.09316881 0.17762302
		 0.093168646 0.20682016 0.09669514 0.22680503 0.09414763 0.25129807 0.10276871 0.28068933
		 0.11932577 0.29665941 0.13372752 0.31987888 0.14979446 0.34280449 0.16321626 0.37993678
		 0.16125649 0.40776062 0.16439101 0.44498911 0.15998185 0.47839695 0.18075156 0.49877548
		 0.20544028 0.52189696 0.22336888 0.53590775 0.23394947 0.56667054 0.23590849 0.59723741
		 0.22709072 0.63485956 0.21739101 0.66748369 0.2072017 0.70706511 0.20622142 0.75017142
		 0.21925119 0.77535027 0.23766991 0.7824055 0.25363913 0.79504299 0.263044 0.81914419
		 0.26470914 0.84804565 0.25432408 0.86705261 0.24227338 0.88635349 0.22375655 0.89820725
		 0.2535398 0.90153807 0.27813068 0.91437328 0.29468775 0.93034333 0.30987298 0.94827092
		 0.32897708 0.96894336 0.32848746 0.97590065 0.19191468 1 0 0 0.029195514 4.0862875e-18
		 0.052120768 0.0131291 0.07259661 0.031842206 0.095031954 0.051926803 0.10590642 0.084354989
		 0.10698382 0.10992563 0.10306455 0.13637798 0.09316881 0.17762302 0.093168646 0.20682016
		 0.09669514 0.22680503 0.09414763 0.25129807 0.10276871 0.28068933 0.11932577 0.29665941
		 0.13372752 0.31987888 0.14979446 0.34280449 0.16321626 0.37993678 0.16125649 0.40776062
		 0.16439101 0.44498911 0.15998185 0.47839695 0.18075156 0.49877548 0.20544028 0.52189696
		 0.22336888 0.53590775 0.23394947 0.56667054 0.23590849 0.59723741 0.22709072 0.63485956
		 0.21739101 0.66748369 0.2072017 0.70706511 0.20622142 0.75017142 0.21925119 0.77535027
		 0.23766991 0.7824055 0.25363913 0.79504299 0.263044 0.81914419 0.26470914 0.84804565
		 0.25432408 0.86705261 0.24227338 0.88635349 0.22375655 0.89820725 0.2535398 0.90153807
		 0.27813068 0.91437328 0.29468775 0.93034333 0.30987298 0.94827092 0.32897708 0.96894336
		 0.32848746 0.97590065 0.19191468 1 0 0 0.19191468 1 0.32848746 0.97590065 0.32897708
		 0.96894336 0.30987298 0.94827092 0.29468775 0.93034333 0.27813068 0.91437328 0.2535398
		 0.90153807 0.22375655 0.89820725 0.24227338 0.88635349 0.25432408 0.86705261 0.26470914
		 0.84804565 0.263044 0.81914419 0.25363913 0.79504299 0.23766991 0.7824055 0.21925119
		 0.77535027 0.20622142 0.75017142 0.2072017 0.70706511 0.21739101 0.66748369 0.22709072
		 0.63485956 0.23590849 0.59723741 0.23394947 0.56667054 0.22336888 0.53590775 0.20544028
		 0.52189696 0.18075156 0.49877548 0.15998185 0.47839695 0.16439101 0.44498911 0.16125649
		 0.40776062 0.16321626 0.37993678 0.14979446 0.34280449 0.13372752 0.31987888 0.11932577
		 0.29665941 0.10276871 0.28068933 0.09414763 0.25129807 0.09669514 0.22680503 0.093168646
		 0.20682016 0.09316881 0.17762302 0.10306455 0.13637798 0.10698382 0.10992563 0.10590642
		 0.084354989 0.095031954 0.051926803 0.07259661 0.031842206 0.052120768 0.0131291
		 0.029195514 4.0862875e-18 0 0 0.029195514 4.0862875e-18 0.052120768 0.0131291 0.07259661
		 0.031842206 0.095031954 0.051926803 0.10590642 0.084354989 0.10698382 0.10992563
		 0.10306455 0.13637798 0.09316881 0.17762302 0.093168646 0.20682016 0.09669514 0.22680503
		 0.09414763 0.25129807 0.10276871 0.28068933 0.11932577 0.29665941 0.13372752 0.31987888
		 0.14979446 0.34280449 0.16321626 0.37993678 0.16125649 0.40776062 0.16439101 0.44498911
		 0.15998185 0.47839695 0.18075156 0.49877548 0.20544028 0.52189696 0.22336888 0.53590775
		 0.23394947 0.56667054 0.23590849 0.59723741 0.22709072 0.63485956 0.21739101 0.66748369
		 0.2072017 0.70706511 0.20622142 0.75017142 0.21925119 0.77535027 0.23766991 0.7824055
		 0.25363913 0.79504299 0.263044 0.81914419 0.26470914 0.84804565 0.25432408 0.86705261
		 0.24227338 0.88635349 0.22375655 0.89820725 0.2535398 0.90153807 0.27813068 0.91437328
		 0.29468775 0.93034333 0.30987298 0.94827092 0.32897708 0.96894336 0.32848746 0.97590065
		 0.19191468 1 0 0 0.029195514 4.0862875e-18 0.052120768 0.0131291 0.07259661 0.031842206
		 0.095031954 0.051926803 0.10590642 0.084354989 0.10698382 0.10992563 0.10306455 0.13637798
		 0.09316881 0.17762302 0.093168646 0.20682016 0.09669514 0.22680503 0.09414763 0.25129807
		 0.10276871 0.28068933 0.11932577 0.29665941 0.13372752 0.31987888 0.14979446 0.34280449;
	setAttr ".uvst[0].uvsp[1500:1749]" 0.16321626 0.37993678 0.16125649 0.40776062
		 0.16439101 0.44498911 0.15998185 0.47839695 0.18075156 0.49877548 0.20544028 0.52189696
		 0.22336888 0.53590775 0.23394947 0.56667054 0.23590849 0.59723741 0.22709072 0.63485956
		 0.21739101 0.66748369 0.2072017 0.70706511 0.20622142 0.75017142 0.21925119 0.77535027
		 0.23766991 0.7824055 0.25363913 0.79504299 0.263044 0.81914419 0.26470914 0.84804565
		 0.25432408 0.86705261 0.24227338 0.88635349 0.22375655 0.89820725 0.2535398 0.90153807
		 0.27813068 0.91437328 0.29468775 0.93034333 0.30987298 0.94827092 0.32897708 0.96894336
		 0.32848746 0.97590065 0.19191468 1 0 0 0.19191468 1 0.32848746 0.97590065 0.32897708
		 0.96894336 0.30987298 0.94827092 0.29468775 0.93034333 0.27813068 0.91437328 0.2535398
		 0.90153807 0.22375655 0.89820725 0.24227338 0.88635349 0.25432408 0.86705261 0.26470914
		 0.84804565 0.263044 0.81914419 0.25363913 0.79504299 0.23766991 0.7824055 0.21925119
		 0.77535027 0.20622142 0.75017142 0.2072017 0.70706511 0.21739101 0.66748369 0.22709072
		 0.63485956 0.23590849 0.59723741 0.23394947 0.56667054 0.22336888 0.53590775 0.20544028
		 0.52189696 0.18075156 0.49877548 0.15998185 0.47839695 0.16439101 0.44498911 0.16125649
		 0.40776062 0.16321626 0.37993678 0.14979446 0.34280449 0.13372752 0.31987888 0.11932577
		 0.29665941 0.10276871 0.28068933 0.09414763 0.25129807 0.09669514 0.22680503 0.093168646
		 0.20682016 0.09316881 0.17762302 0.10306455 0.13637798 0.10698382 0.10992563 0.10590642
		 0.084354989 0.095031954 0.051926803 0.07259661 0.031842206 0.052120768 0.0131291
		 0.029195514 4.0862875e-18 0 0 0.029195514 4.0862875e-18 0.052120768 0.0131291 0.07259661
		 0.031842206 0.095031954 0.051926803 0.10590642 0.084354989 0.10698382 0.10992563
		 0.10306455 0.13637798 0.09316881 0.17762302 0.093168646 0.20682016 0.09669514 0.22680503
		 0.09414763 0.25129807 0.10276871 0.28068933 0.11932577 0.29665941 0.13372752 0.31987888
		 0.14979446 0.34280449 0.16321626 0.37993678 0.16125649 0.40776062 0.16439101 0.44498911
		 0.15998185 0.47839695 0.18075156 0.49877548 0.20544028 0.52189696 0.22336888 0.53590775
		 0.23394947 0.56667054 0.23590849 0.59723741 0.22709072 0.63485956 0.21739101 0.66748369
		 0.2072017 0.70706511 0.20622142 0.75017142 0.21925119 0.77535027 0.23766991 0.7824055
		 0.25363913 0.79504299 0.263044 0.81914419 0.26470914 0.84804565 0.25432408 0.86705261
		 0.24227338 0.88635349 0.22375655 0.89820725 0.2535398 0.90153807 0.27813068 0.91437328
		 0.29468775 0.93034333 0.30987298 0.94827092 0.32897708 0.96894336 0.32848746 0.97590065
		 0.19191468 1 0 0 0.029195514 4.0862875e-18 0.052120768 0.0131291 0.07259661 0.031842206
		 0.095031954 0.051926803 0.10590642 0.084354989 0.10698382 0.10992563 0.10306455 0.13637798
		 0.09316881 0.17762302 0.093168646 0.20682016 0.09669514 0.22680503 0.09414763 0.25129807
		 0.10276871 0.28068933 0.11932577 0.29665941 0.13372752 0.31987888 0.14979446 0.34280449
		 0.16321626 0.37993678 0.16125649 0.40776062 0.16439101 0.44498911 0.15998185 0.47839695
		 0.18075156 0.49877548 0.20544028 0.52189696 0.22336888 0.53590775 0.23394947 0.56667054
		 0.23590849 0.59723741 0.22709072 0.63485956 0.21739101 0.66748369 0.2072017 0.70706511
